test<-2+2
h